already_2004: 0.0001733138196868822
already_2006: 0.00017780793132260442
already_2007: 0.00018295338668394834
already_2013: 0.00020788845722563565
already_2009: 0.0001962566311703995
already_2009: 0.0001962566311703995
need_2005: 0.0003751372860278934
need_2005: 0.0003751372860278934
need_2009: 0.00041674336534924805
still_2004: 0.000337660574587062
still_2009: 0.0004122434474993497
still_2009: 0.0004122434474993497
only_2000: 0.0009357280796393752
only_2006: 0.0009651687578298151
only_2006: 0.0009651687578298151
only_2011: 0.0009859194979071617
yet_2009: 0.00019097352924291044
yet_2011: 0.00018814300710801035
yet_2013: 0.0001933922612806782
really_2000: 0.00013409939128905535
really_2000: 0.00013409939128905535
really_2010: 0.0002249488461529836
generally_2009: 0.00011453625484136865
generally_2009: 0.00011453625484136865
generally_2013: 0.00010307272896170616
probably_2011: 0.00013616921205539256
probably_2013: 0.0001324163458775729
probably_2010: 0.0001331594685325399
probably_2011: 0.00013616921205539256
soon_2006: 0.00010817717702593654
soon_2009: 0.00012881209840998054
sooner_2011: 1.329585302300984e-05
soon_2012: 0.00012753703049384058
always_2015: 0.00032336910953745246
likely_2009: 0.000149259198224172
often_2008: 0.0003096790751442313
reality_2004: 6.51708323857747e-05
truly_2015: 4.4189644540892914e-05
absolutely_2005: 2.1042476873844862e-05
apparently_2009: 3.486366040306166e-05
briefly_2007: 2.0270839740987867e-05
frequently_2015: 4.866761082666926e-05
fully_2005: 7.375550922006369e-05
highly_2012: 7.924803503556177e-05
indeed_2011: 6.735457282047719e-05
once_2010: 0.00022019367315806448
purportedly_2013: 9.517939929537533e-07
regularly_2013: 2.1348780137486756e-05
significantly_2012: 5.7294619182357565e-05
simply_2008: 0.00011943376011913642
suddenly_2014: 7.256339449668303e-05
possibly_2002: 3.713367914315313e-05
possible_2006: 0.0002471162879373878
possible_2006: 0.0002471162879373878
impossible_2006: 4.61676245322451e-05
possible_2009: 0.00023975821386557072
possible_2009: 0.00023975821386557072
possible_2011: 0.00023583727306686342
possible_2013: 0.0002569892385508865
possible_2013: 0.0002569892385508865
possible_2013: 0.0002569892385508865
possible_2013: 0.0002569892385508865
possible_2013: 0.0002569892385508865
perhaps_2009: 0.00011746707605198026
perhaps_2010: 0.00011704458302119747
perhaps_2012: 0.00010873912833631039
perhaps_2012: 0.00010873912833631039
perhaps_2014: 0.00011857460776809603
seems_2003: 0.00011551223724381998
seem_2006: 9.05584602151066e-05
seems_2006: 0.00012060934386681765
seems_2009: 0.00012242216325830668
believe_2007: 0.0001393399143125862
believe_2015: 0.00016707187751308084
maybe_2009: 5.471211625263095e-05
maybe_2013: 5.998560300213285e-05
sense_2013: 0.00020414790196809918
sometimes_2009: 0.00011545004963409156
sometimes_2010: 0.00011799766070907936
appeared_2005: 6.436421972466633e-05
suggestions_2009: 1.4594746971852146e-05
suggested_2007: 6.639177445322275e-05
suggesting_2004: 2.0170877178316005e-05
